# Pantalla iluminando en blanco, ganancia 1, tiempo de integración 30s, temperatura 19°C, distintas intensidades de la pantalla
# esperanza	varianza	color
1.297591100903145389e+03	6.343556727784617806e+02	1.000000000000000000e+00
2.199111818099242100e+03	1.440930458406856360e+03	1.000000000000000000e+00
4.015663984156026345e+03	1.390455427939278161e+04	1.000000000000000000e+00
1.394421254411917289e+03	7.096660909936668986e+02	1.000000000000000000e+00
2.380682085344648385e+03	1.633701825592686419e+03	1.000000000000000000e+00
4.022581282440568884e+03	1.271023260732450944e+04	1.000000000000000000e+00
1.489155126583099673e+03	7.851181659025647832e+02	1.000000000000000000e+00
2.555412705348800955e+03	1.828866240979905797e+03	1.000000000000000000e+00
4.029979627971556056e+03	1.139982038717085015e+04	1.000000000000000000e+00
1.589450893737672686e+03	8.708441622021136936e+02	1.000000000000000000e+00
2.740272222114087072e+03	2.035886883065687016e+03	1.000000000000000000e+00
4.037089189829232964e+03	1.011656117764866394e+04	1.000000000000000000e+00
1.686946489606041723e+03	9.590095097951151502e+02	1.000000000000000000e+00
2.926544663850825145e+03	2.261457771049284020e+03	1.000000000000000000e+00
4.044514561922557732e+03	8.759066943820862434e+03	1.000000000000000000e+00
1.782454009329907649e+03	1.051049312243293343e+03	1.000000000000000000e+00
3.110283311273746676e+03	2.477973183803452685e+03	1.000000000000000000e+00
4.047679226032907536e+03	8.116649036546732532e+03	1.000000000000000000e+00
4.052666886938129210e+03	7.245132791851716320e+03	1.000000000000000000e+00
1.881315556874805452e+03	1.145349561264034719e+03	1.000000000000000000e+00
3.297264261522890138e+03	2.700127342869214772e+03	1.000000000000000000e+00
4.056242651886743261e+03	6.566053720303217233e+03	1.000000000000000000e+00
4.059862786774629058e+03	5.902256910229328241e+03	1.000000000000000000e+00
1.980594379022630619e+03	1.241329062339525990e+03	1.000000000000000000e+00
3.478032863593895854e+03	2.886043038509058533e+03	1.000000000000000000e+00
4.063978206750233767e+03	5.127923014945783507e+03	1.000000000000000000e+00
4.067436696122703324e+03	4.491976577587464817e+03	1.000000000000000000e+00
2.078641706244160559e+03	1.343483509862530582e+03	1.000000000000000000e+00
3.656294313168275494e+03	3.149232718230898172e+03	1.000000000000000000e+00
4.071321600228381612e+03	3.770400311744259398e+03	1.000000000000000000e+00
4.075005945058652742e+03	3.103896150943006887e+03	1.000000000000000000e+00
2.176330531441399216e+03	1.444613765225460384e+03	1.000000000000000000e+00
3.826501756332399054e+03	3.740037156938132284e+03	1.000000000000000000e+00
4.078142967857884287e+03	2.537758416402036801e+03	1.000000000000000000e+00
4.080898109039239898e+03	2.056691270430289023e+03	1.000000000000000000e+00
4.145460714471088863e+02	7.552380132916290734e+01	1.000000000000000000e+00
2.273079884576456152e+03	1.550544562799400865e+03	1.000000000000000000e+00
3.982729200404858148e+03	5.085864647050876556e+03	1.000000000000000000e+00
4.084285831257137033e+03	1.473771729460575671e+03	1.000000000000000000e+00
4.086248207334163908e+03	1.153376722300207575e+03	1.000000000000000000e+00
2.373292121159036469e+03	1.659291480927085331e+03	1.000000000000000000e+00
4.073870040810235423e+03	2.223040947926032004e+03	1.000000000000000000e+00
4.088986927423959514e+03	7.241723529191338002e+02	1.000000000000000000e+00
4.090519419897747412e+03	5.017041613031572069e+02	1.000000000000000000e+00
2.472035875051904895e+03	1.771267657299654047e+03	1.000000000000000000e+00
4.089475577117720150e+03	5.765601854702953233e+02	1.000000000000000000e+00
4.092073439284231426e+03	2.901457787492851139e+02	1.000000000000000000e+00
4.093005122690231474e+03	1.768444559416845152e+02	1.000000000000000000e+00
2.571853462381916415e+03	1.886374591361073726e+03	1.000000000000000000e+00
4.093562385160386384e+03	1.102839052473744772e+02	1.000000000000000000e+00
4.094337053942178045e+03	4.277768467172425915e+01	1.000000000000000000e+00
4.094630748468804995e+03	2.098250127722831238e+01	1.000000000000000000e+00
2.630979219869199824e+03	1.954765399183773752e+03	1.000000000000000000e+00
4.094557935287553391e+03	2.563337530978513712e+01	1.000000000000000000e+00
4.094862605756254652e+03	6.975059030650992753e+00	1.000000000000000000e+00
4.094973889559327290e+03	1.256617048479689469e+00	1.000000000000000000e+00
5.112692184418145871e+02	1.235389645168530137e+02	1.000000000000000000e+00
6.127811799283712162e+02	1.779250863478292786e+02	1.000000000000000000e+00
7.137811199133187756e+02	2.341960585350599047e+02	1.000000000000000000e+00
8.113853696278417829e+02	2.916515061458156879e+02	1.000000000000000000e+00
9.072757143413266476e+02	3.534492832992769991e+02	1.000000000000000000e+00
1.004408101383265830e+03	4.190050414863474657e+02	1.000000000000000000e+00
1.102672389507422395e+03	4.894843260288099032e+02	1.000000000000000000e+00
1.199417066010069448e+03	5.582796824744394826e+02	1.000000000000000000e+00
1.826314018543029079e+03	9.816925033143545534e+02	2.000000000000000000e+00
3.177727747716183785e+03	2.224344691628662531e+03	2.000000000000000000e+00
4.089558896177203223e+03	6.488703426178680047e+02	2.000000000000000000e+00
1.972775722775874556e+03	1.102873306079902477e+03	2.000000000000000000e+00
3.449038139079206758e+03	2.496978621062041839e+03	2.000000000000000000e+00
4.090444751764766806e+03	5.214661362289945146e+02	2.000000000000000000e+00
2.116077944306031441e+03	1.227016206814296083e+03	2.000000000000000000e+00
3.706225737698536250e+03	2.741137245154185166e+03	2.000000000000000000e+00
4.091295497573445573e+03	4.040380415988074674e+02	2.000000000000000000e+00
2.268069118524862461e+03	1.366181541144001812e+03	2.000000000000000000e+00
3.964277272786255708e+03	3.401305832222850768e+03	2.000000000000000000e+00
4.092012318008408783e+03	3.094154771595372040e+02	2.000000000000000000e+00
2.415718495665939827e+03	1.501373227281254913e+03	2.000000000000000000e+00
4.087672527055434330e+03	7.288757460677954896e+02	2.000000000000000000e+00
4.092672013521229019e+03	2.260720677639610017e+02	2.000000000000000000e+00
2.560221300153119500e+03	1.641132008607532953e+03	2.000000000000000000e+00
4.092359439232326167e+03	2.538313547332926987e+02	2.000000000000000000e+00
4.093010870185819385e+03	1.854463717695078628e+02	2.000000000000000000e+00
4.093283622054396346e+03	1.540668458498902567e+02	2.000000000000000000e+00
2.709400205024395291e+03	1.780069163510336921e+03	2.000000000000000000e+00
4.093319475695525853e+03	1.483372243773420678e+02	2.000000000000000000e+00
4.093567299257759714e+03	1.229221979457922203e+02	2.000000000000000000e+00
4.093735847801827276e+03	1.048905037080719609e+02	2.000000000000000000e+00
2.859099970154676612e+03	1.934737002620304793e+03	2.000000000000000000e+00
4.093845747365825900e+03	9.336284547655777999e+01	2.000000000000000000e+00
4.093992222698017031e+03	7.890592739377726161e+01	2.000000000000000000e+00
4.094130800049309528e+03	6.546823567129865751e+01	2.000000000000000000e+00
3.006840104653275375e+03	2.089854703448508189e+03	2.000000000000000000e+00
4.094232582658569299e+03	5.590771367400410696e+01	2.000000000000000000e+00
4.094327470998131503e+03	4.730442480548870776e+01	2.000000000000000000e+00
4.094449201313194408e+03	3.692669645801964862e+01	2.000000000000000000e+00
3.154080540200352971e+03	2.257525013068507633e+03	2.000000000000000000e+00
4.094510689167445435e+03	3.167536067162770053e+01	2.000000000000000000e+00
4.094580740034257360e+03	2.615389057660967254e+01	2.000000000000000000e+00
4.094647690880307437e+03	2.125208831740050996e+01	2.000000000000000000e+00
4.945807315997093383e+02	1.125597299433252232e+02	2.000000000000000000e+00
3.300016202442126087e+03	2.418290499380069832e+03	2.000000000000000000e+00
4.094709912864631860e+03	1.671495701384415966e+01	2.000000000000000000e+00
4.094759525848645353e+03	1.348879641693281606e+01	2.000000000000000000e+00
4.094799278197342574e+03	1.090268315750190276e+01	2.000000000000000000e+00
3.450698849008616435e+03	2.578694077882114470e+03	2.000000000000000000e+00
4.094846388067061071e+03	8.044751111004689648e+00	2.000000000000000000e+00
4.094875623832139354e+03	6.380147523607263338e+00	2.000000000000000000e+00
4.094902346426346867e+03	4.901528284379942590e+00	2.000000000000000000e+00
3.598849801463718450e+03	2.733770487088168011e+03	2.000000000000000000e+00
4.094931177008720169e+03	3.361764940042350602e+00	2.000000000000000000e+00
4.094945618576767174e+03	2.631126020092982909e+00	2.000000000000000000e+00
4.094961729212083355e+03	1.820344492437418582e+00	2.000000000000000000e+00
3.748480955439634727e+03	2.905630522672722691e+03	2.000000000000000000e+00
4.094985438401847659e+03	6.920278513779931640e-01	2.000000000000000000e+00
4.094992889351707618e+03	3.299994620380609089e-01	2.000000000000000000e+00
4.094996294962628326e+03	1.686016443372353457e-01	2.000000000000000000e+00
3.837179126115955569e+03	2.957043123725064561e+03	2.000000000000000000e+00
4.094998432796117413e+03	6.669957075873424179e-02	2.000000000000000000e+00
4.094999611037579143e+03	1.761215795769020820e-02	2.000000000000000000e+00
4.094999998053565832e+03	1.167860100740719609e-05	2.000000000000000000e+00
6.405466534309146027e+02	1.860748120642562355e+02	2.000000000000000000e+00
7.935219606431018065e+02	2.686120696350649268e+02	2.000000000000000000e+00
9.455415566931382045e+02	3.554542829810460489e+02	2.000000000000000000e+00
1.092683288565348221e+03	4.480669944225434733e+02	2.000000000000000000e+00
1.237789367603550318e+03	5.453891895447960678e+02	2.000000000000000000e+00
1.384671996652133203e+03	6.442496811400279739e+02	2.000000000000000000e+00
1.532742576949029399e+03	7.491692953732434717e+02	2.000000000000000000e+00
1.678205078571057811e+03	8.620977658488304769e+02	2.000000000000000000e+00
1.831233658712239276e+03	9.914422883383651879e+02	3.000000000000000000e+00
3.185942568514481536e+03	2.222705419702954714e+03	3.000000000000000000e+00
3.996226154235440845e+03	1.709498674289979681e+04	3.000000000000000000e+00
1.978200462602512289e+03	1.115354170734821537e+03	3.000000000000000000e+00
3.452642441347451495e+03	2.495286223231144504e+03	3.000000000000000000e+00
4.003910225267310125e+03	1.585569643286731844e+04	3.000000000000000000e+00
2.122022790797259404e+03	1.238192313809082862e+03	3.000000000000000000e+00
3.691128257033115460e+03	3.489144100455263015e+03	3.000000000000000000e+00
4.012190419002387443e+03	1.448357581822731663e+04	3.000000000000000000e+00
2.274441258888715765e+03	1.378959256452674481e+03	3.000000000000000000e+00
3.895690919560365273e+03	9.019542131160264034e+03	3.000000000000000000e+00
4.020202260134433800e+03	1.311690350230118020e+04	3.000000000000000000e+00
2.422593637431225943e+03	1.516514083817004121e+03	3.000000000000000000e+00
4.002454194565556008e+03	1.363224060727587130e+04	3.000000000000000000e+00
4.028699737880203429e+03	1.162679604892951829e+04	3.000000000000000000e+00
2.567621710850721684e+03	1.656738443501929396e+03	3.000000000000000000e+00
4.027177374000830696e+03	1.152363388220409252e+04	3.000000000000000000e+00
4.033763312311844857e+03	1.071766242853860786e+04	3.000000000000000000e+00
4.038153739748780026e+03	9.928722834555759619e+03	3.000000000000000000e+00
2.717288339237516993e+03	1.799353781419951702e+03	3.000000000000000000e+00
4.039314400368524730e+03	9.638869960152494968e+03	3.000000000000000000e+00
4.043360664837018703e+03	8.967102867841502302e+03	3.000000000000000000e+00
4.046775558951001585e+03	8.342690614549906968e+03	3.000000000000000000e+00
2.867450492447835586e+03	1.954928078821650615e+03	3.000000000000000000e+00
4.049239253412747985e+03	7.863730181569155320e+03	3.000000000000000000e+00
4.052600623832139718e+03	7.254485677034771470e+03	3.000000000000000000e+00
4.056081479679227868e+03	6.613101601615187974e+03	3.000000000000000000e+00
3.015606693462576459e+03	2.107084793059595086e+03	3.000000000000000000e+00
4.059009444098411677e+03	6.049757847069775380e+03	3.000000000000000000e+00
4.061826052372054619e+03	5.531440022119969399e+03	3.000000000000000000e+00
4.065853508771929683e+03	4.785502979098253491e+03	3.000000000000000000e+00
3.163128796519775733e+03	2.267724203201017190e+03	3.000000000000000000e+00
4.068141684508979324e+03	4.352779280257000210e+03	3.000000000000000000e+00
4.070865229549465312e+03	3.854902421115428751e+03	3.000000000000000000e+00
4.073882701066645950e+03	3.304021787713581489e+03	3.000000000000000000e+00
4.951759566723762305e+02	1.170761343262654748e+02	3.000000000000000000e+00
3.308910564920066463e+03	2.418673801882936914e+03	3.000000000000000000e+00
4.076807132707879191e+03	2.766601834375698672e+03	3.000000000000000000e+00
4.079413745717844904e+03	2.308979786400406738e+03	3.000000000000000000e+00
4.081596221646942922e+03	1.930499162966343647e+03	3.000000000000000000e+00
3.459072966300736880e+03	2.566848765701472530e+03	3.000000000000000000e+00
4.084435071823419548e+03	1.445582721163609449e+03	3.000000000000000000e+00
4.086317639234921444e+03	1.139818051257475190e+03	3.000000000000000000e+00
4.088110674244783695e+03	8.598400071287010178e+02	3.000000000000000000e+00
3.605788631527042526e+03	2.716030477785748189e+03	3.000000000000000000e+00
4.090009555693968650e+03	5.729257573339936016e+02	3.000000000000000000e+00
4.090984746768919194e+03	4.350059521333979546e+02	3.000000000000000000e+00
4.092050543379528790e+03	2.952474709948347709e+02	3.000000000000000000e+00
3.754020297739541093e+03	2.887295526766947660e+03	3.000000000000000000e+00
4.093744228498390839e+03	9.659192191529604088e+01	3.000000000000000000e+00
4.094305100630644574e+03	4.526302962563068633e+01	3.000000000000000000e+00
4.094561250389286670e+03	2.559362200135588239e+01	3.000000000000000000e+00
3.842181871885705277e+03	3.005564829227281734e+03	3.000000000000000000e+00
4.094741058730405712e+03	1.373734122311566175e+01	3.000000000000000000e+00
4.094915956218208066e+03	4.037963503533172016e+00	3.000000000000000000e+00
4.094985242460811605e+03	6.974001040644104421e-01	3.000000000000000000e+00
6.416032284854147747e+02	1.908681108786573191e+02	3.000000000000000000e+00
7.950376505242395524e+02	2.732331173700289924e+02	3.000000000000000000e+00
9.475425973865877722e+02	3.612184783361117297e+02	3.000000000000000000e+00
1.095174987023772474e+03	4.549831784618887127e+02	3.000000000000000000e+00
1.240766230665421062e+03	5.514726662083944575e+02	3.000000000000000000e+00
1.388147576040693366e+03	6.526542678449659434e+02	3.000000000000000000e+00
1.536665725890169142e+03	7.572413219115759375e+02	3.000000000000000000e+00
1.682599415096543225e+03	8.708586836737709973e+02	3.000000000000000000e+00
6.457696096750752304e+02	1.959718768278188179e+02	4.000000000000000000e+00
9.768695441451261559e+02	3.932538872701370565e+02	4.000000000000000000e+00
2.489380116526523580e+03	1.706271784264425150e+03	4.000000000000000000e+00
6.819609645878749689e+02	2.156919488697362794e+02	4.000000000000000000e+00
1.044097561766843228e+03	4.387235431830162042e+02	4.000000000000000000e+00
2.692259644581127304e+03	1.926180241833605578e+03	4.000000000000000000e+00
7.173549994160697452e+02	2.372962267251895412e+02	4.000000000000000000e+00
1.108671827961175040e+03	4.846214535593163646e+02	4.000000000000000000e+00
2.901397424867642258e+03	2.161190580023941948e+03	4.000000000000000000e+00
7.548567512067891130e+02	2.585457153147494864e+02	4.000000000000000000e+00
1.177317420909893144e+03	5.349882281219894367e+02	4.000000000000000000e+00
3.111224098476590825e+03	2.416899275421939819e+03	4.000000000000000000e+00
7.912561202377245309e+02	2.804056192046850811e+02	4.000000000000000000e+00
1.246486097594207422e+03	5.837045462902265172e+02	4.000000000000000000e+00
3.322563763884563286e+03	2.673701371206366275e+03	4.000000000000000000e+00
8.268416689375064834e+02	3.003769526464956812e+02	4.000000000000000000e+00
1.314725031791757601e+03	6.283501223972563139e+02	4.000000000000000000e+00
1.948404269178864297e+03	1.156402411053670903e+03	4.000000000000000000e+00
3.535911695473891996e+03	2.916261013298939815e+03	4.000000000000000000e+00
8.636305496081179172e+02	3.240274808317936959e+02	4.000000000000000000e+00
1.384250351331360889e+03	6.828794362865625089e+02	4.000000000000000000e+00
2.055710735881864366e+03	1.254673696118398084e+03	4.000000000000000000e+00
3.745622842053358454e+03	3.174156409492549756e+03	4.000000000000000000e+00
9.005790424192878163e+02	3.473025521246666472e+02	4.000000000000000000e+00
1.452291278028651504e+03	7.312582258580791859e+02	4.000000000000000000e+00
2.163952381137755765e+03	1.359521071486832398e+03	4.000000000000000000e+00
3.947397396644347737e+03	3.577983354260119086e+03	4.000000000000000000e+00
9.370560936364580584e+02	3.700650779667333836e+02	4.000000000000000000e+00
1.521017066010069584e+03	7.850834621900003185e+02	4.000000000000000000e+00
2.275478836746081015e+03	1.471982516276341130e+03	4.000000000000000000e+00
4.084426701507837606e+03	7.232352117803370675e+02	4.000000000000000000e+00
9.733816198224851632e+02	3.951255649252246371e+02	4.000000000000000000e+00
1.589724570811273679e+03	8.418306920813176930e+02	4.000000000000000000e+00
2.386233500402262962e+03	1.584096242835163139e+03	4.000000000000000000e+00
4.093656110829959289e+03	9.449627264036905672e+01	4.000000000000000000e+00
3.156452270191010143e+02	3.096624755889005698e+01	4.000000000000000000e+00
1.009386985492577651e+03	4.186257684145618327e+02	4.000000000000000000e+00
1.658586040498806142e+03	9.017749311963777927e+02	4.000000000000000000e+00
2.497488427475864228e+03	1.699027434720929705e+03	4.000000000000000000e+00
4.094405469155507035e+03	3.723536735554450416e+01	4.000000000000000000e+00
1.046717358299595162e+03	4.439707566412677693e+02	4.000000000000000000e+00
1.728103146086369861e+03	9.623261958532056042e+02	4.000000000000000000e+00
2.609538445318177310e+03	1.817830975502614820e+03	4.000000000000000000e+00
4.094699623364995205e+03	1.666619873180950151e+01	4.000000000000000000e+00
1.083444097438492690e+03	4.696443205332241178e+02	4.000000000000000000e+00
1.798030920728225965e+03	1.026434643215635788e+03	4.000000000000000000e+00
2.717613889105159160e+03	1.933814005551185119e+03	4.000000000000000000e+00
4.094848680642063755e+03	7.751396220729284359e+00	4.000000000000000000e+00
1.120645768776601244e+03	4.975346705699662948e+02	4.000000000000000000e+00
1.865440574392712506e+03	1.085208333410859041e+03	4.000000000000000000e+00
2.830704985142219357e+03	2.058942835238675343e+03	4.000000000000000000e+00
4.094960547402159136e+03	1.885999614707771999e+00	4.000000000000000000e+00
1.142761530351396232e+03	5.256897879284480268e+02	4.000000000000000000e+00
1.909008907855808047e+03	1.161572888897275789e+03	4.000000000000000000e+00
2.900565965301567303e+03	2.233961062390887946e+03	4.000000000000000000e+00
4.094991349722308769e+03	4.032694709414793577e-01	4.000000000000000000e+00
3.517625171935014805e+02	4.750568375768481388e+01	4.000000000000000000e+00
3.897615780390324858e+02	6.476962387748707783e+01	4.000000000000000000e+00
4.275156149434236568e+02	8.230012729364985091e+01	4.000000000000000000e+00
4.639942265519568423e+02	1.017305389838138723e+02	4.000000000000000000e+00
4.999681459566074864e+02	1.192727876141166234e+02	4.000000000000000000e+00
5.363420452481054781e+02	1.377336561304657039e+02	4.000000000000000000e+00
5.730059217014429578e+02	1.566247255220538932e+02	4.000000000000000000e+00
6.090983383940621252e+02	1.767708606772472137e+02	4.000000000000000000e+00
