# Pantalla iluminando en azul, ganancia 1, tiempo de integración 30s, temperatura 19°C, distintas intensidades y tiempos de encendido de la pantalla
# esperanza	varianza	color
1.070778192476383310e+03	4.684200740400320910e+02	1.000000000000000000e+00
1.814685225267310216e+03	1.073178080004793173e+03	1.000000000000000000e+00
3.949161334734766115e+03	2.367838530973104935e+04	1.000000000000000000e+00
1.147086087862036720e+03	5.274057678611161464e+02	1.000000000000000000e+00
1.956673754930966425e+03	1.210889044534874301e+03	1.000000000000000000e+00
3.958032461979653363e+03	2.254688945216297725e+04	1.000000000000000000e+00
1.223758687908751199e+03	5.843311341317332790e+02	1.000000000000000000e+00
2.103121494472126869e+03	1.357616643510350059e+03	1.000000000000000000e+00
3.968264614476279348e+03	2.116610266162468179e+04	1.000000000000000000e+00
1.295176376453337525e+03	6.402800278695979159e+02	1.000000000000000000e+00
2.249014729640298810e+03	1.510402737400305568e+03	1.000000000000000000e+00
3.977856262651821908e+03	1.980268057718242926e+04	1.000000000000000000e+00
1.377055243693553393e+03	7.045361298534138541e+02	1.000000000000000000e+00
2.399333826105574644e+03	1.674236608831015701e+03	1.000000000000000000e+00
3.988745130346205769e+03	1.817937204998499874e+04	1.000000000000000000e+00
1.453253088017751452e+03	7.669011601088566294e+02	1.000000000000000000e+00
2.545904725617668646e+03	1.842261983533792773e+03	1.000000000000000000e+00
3.857420771696252359e+03	8.715057787808931607e+03	1.000000000000000000e+00
4.000208611673414453e+03	1.638473583080119715e+04	1.000000000000000000e+00
1.529551371911657952e+03	8.323004025544297519e+02	1.000000000000000000e+00
2.686077243589743375e+03	1.996893775200915115e+03	1.000000000000000000e+00
3.969700355548634889e+03	1.528099172272730539e+04	1.000000000000000000e+00
4.012242307043496112e+03	1.440229001692398197e+04	1.000000000000000000e+00
1.607380838653586579e+03	9.007083539058152155e+02	1.000000000000000000e+00
2.835326557796117413e+03	2.181594317651387428e+03	1.000000000000000000e+00
4.010470368784387119e+03	1.376210193134431756e+04	1.000000000000000000e+00
4.025093560547077686e+03	1.219231293748600910e+04	1.000000000000000000e+00
1.682308160425101278e+03	9.695694650954089866e+02	1.000000000000000000e+00
2.984167700223191332e+03	2.363987623287272527e+03	1.000000000000000000e+00
4.028528032219972829e+03	1.135157894792245679e+04	1.000000000000000000e+00
4.038392312233987468e+03	9.819219812303841536e+03	1.000000000000000000e+00
1.757818481392089780e+03	1.046276120729228523e+03	1.000000000000000000e+00
3.118567189608636909e+03	2.532929526094225821e+03	1.000000000000000000e+00
4.042452754853109127e+03	8.959305044315695341e+03	1.000000000000000000e+00
4.052372850487906362e+03	7.249015908289652543e+03	1.000000000000000000e+00
4.860992532181044226e+02	1.100846981343130153e+02	1.000000000000000000e+00
1.833713708735596356e+03	1.117587308307462308e+03	1.000000000000000000e+00
3.276726096815633809e+03	2.734146220752121735e+03	1.000000000000000000e+00
4.058459647176372982e+03	6.068728694498179721e+03	1.000000000000000000e+00
4.066580017582788514e+03	4.615189932699783640e+03	1.000000000000000000e+00
1.909673495730821060e+03	1.191712167346202023e+03	1.000000000000000000e+00
3.416852303929201753e+03	2.895021172219682285e+03	1.000000000000000000e+00
4.072566316308522801e+03	3.497543751088360295e+03	1.000000000000000000e+00
4.079172266882072108e+03	2.337557496147187521e+03	1.000000000000000000e+00
1.985956726876362609e+03	1.268873253954989877e+03	1.000000000000000000e+00
3.562833841677047531e+03	3.072324149366148504e+03	1.000000000000000000e+00
4.083598884044430633e+03	1.569444205647614808e+03	1.000000000000000000e+00
4.087690580232014781e+03	9.145340038403786593e+02	1.000000000000000000e+00
2.062512044210007389e+03	1.349851170077668257e+03	1.000000000000000000e+00
3.708750501531194914e+03	3.283387358631983716e+03	1.000000000000000000e+00
4.092487240799854590e+03	2.344560080478239001e+02	1.000000000000000000e+00
4.093771659919028480e+03	9.330808931878897283e+01	1.000000000000000000e+00
2.103673506436208754e+03	1.423236713356311611e+03	1.000000000000000000e+00
3.795919213900134764e+03	3.526538389520107103e+03	1.000000000000000000e+00
4.094219369614865627e+03	5.206251877628845648e+01	1.000000000000000000e+00
4.094852171896086475e+03	7.493697238384881665e+00	1.000000000000000000e+00
4.573280367616526405e+02	9.441115972531723344e+01	1.000000000000000000e+00
5.364001910749507260e+02	1.369280786383578743e+02	1.000000000000000000e+00
6.142887713458943608e+02	1.783796181558815306e+02	1.000000000000000000e+00
6.903651134122287658e+02	2.197932149565135944e+02	1.000000000000000000e+00
7.666333057588498150e+02	2.669013513435771188e+02	1.000000000000000000e+00
8.431015539032492825e+02	3.137687392805988225e+02	1.000000000000000000e+00
9.196766489541161036e+02	3.633838573031396777e+02	1.000000000000000000e+00
9.953118842780027080e+02	4.155914090338411029e+02	1.000000000000000000e+00
9.363848570668535558e+02	3.658580088442799934e+02	2.000000000000000000e+00
1.558082338381085947e+03	8.052857652238660648e+02	2.000000000000000000e+00
4.073011981599709543e+03	3.314789865394859589e+03	2.000000000000000000e+00
9.998958508512405388e+02	4.088657217807236748e+02	2.000000000000000000e+00
1.676331944228174052e+03	9.027801107040428406e+02	2.000000000000000000e+00
4.077626400459358592e+03	2.612779265190043134e+03	2.000000000000000000e+00
1.063790150070071604e+03	4.516101144265083462e+02	2.000000000000000000e+00
1.798451003062389645e+03	1.012488742375989318e+03	2.000000000000000000e+00
4.080419551606456935e+03	2.131907543030543820e+03	2.000000000000000000e+00
1.123313454077130700e+03	4.949894862773340947e+02	2.000000000000000000e+00
1.920248349423855416e+03	1.118409321343903457e+03	2.000000000000000000e+00
4.082621510043600210e+03	1.754008863073238217e+03	2.000000000000000000e+00
1.191923383162047230e+03	5.412440786040440344e+02	2.000000000000000000e+00
2.045634190088757350e+03	1.231590508669410156e+03	2.000000000000000000e+00
4.084863949120211601e+03	1.378084157097278421e+03	2.000000000000000000e+00
1.255542420585487434e+03	5.893089597329999378e+02	2.000000000000000000e+00
2.167917404040797464e+03	1.348802015691701399e+03	2.000000000000000000e+00
3.351524425153119410e+03	2.582513177028627979e+03	2.000000000000000000e+00
4.086943863866396896e+03	1.043519133134481308e+03	2.000000000000000000e+00
1.319362846465275652e+03	6.342700799595053240e+02	2.000000000000000000e+00
2.284968402561507446e+03	1.466292674717731416e+03	2.000000000000000000e+00
3.546197998416900191e+03	2.788554719859545457e+03	2.000000000000000000e+00
4.088825509316931402e+03	7.543706455998836873e+02	2.000000000000000000e+00
1.384395968286099787e+03	6.851956947127901003e+02	2.000000000000000000e+00
2.409901749519879559e+03	1.593982032649757230e+03	2.000000000000000000e+00
3.739512959034049800e+03	3.029311785764256911e+03	2.000000000000000000e+00
4.090529192294716267e+03	5.071294245928626765e+02	2.000000000000000000e+00
1.446969185676839970e+03	7.314335344777996397e+02	2.000000000000000000e+00
2.534595834306550387e+03	1.722074411887630276e+03	2.000000000000000000e+00
3.924224572757707847e+03	3.523556213175838820e+03	2.000000000000000000e+00
4.091961695798297569e+03	3.140611090234689300e+02	2.000000000000000000e+00
1.509862263183847290e+03	7.818404227094119960e+02	2.000000000000000000e+00
2.647160339458112958e+03	1.839366568456342065e+03	2.000000000000000000e+00
4.067642828687844030e+03	2.014887285136696164e+03	2.000000000000000000e+00
4.093128318994602068e+03	1.708242014083640470e+02	2.000000000000000000e+00
5.146563359675075162e+02	1.222784877998218178e+02	2.000000000000000000e+00
1.572948148616734215e+03	8.313163031162929428e+02	2.000000000000000000e+00
2.779756226318384506e+03	1.980925738995596021e+03	2.000000000000000000e+00
4.091889502231911138e+03	2.755012089601578964e+02	2.000000000000000000e+00
4.093997686014221927e+03	7.798316545155310564e+01	2.000000000000000000e+00
1.636070515740163955e+03	8.885450687299127139e+02	2.000000000000000000e+00
2.897884764935638032e+03	2.114332612281892125e+03	2.000000000000000000e+00
4.094050227732793701e+03	6.952752752262131253e+01	2.000000000000000000e+00
4.094542094557770270e+03	2.918003148431112237e+01	2.000000000000000000e+00
1.699616220933250361e+03	9.417664346909374444e+02	2.000000000000000000e+00
3.022158072186753998e+03	2.257502159776218832e+03	2.000000000000000000e+00
4.094639518127789870e+03	2.148165908213528041e+01	2.000000000000000000e+00
4.094807321511989812e+03	1.037142017050629939e+01	2.000000000000000000e+00
1.763363028781272760e+03	1.002561631156600356e+03	2.000000000000000000e+00
3.146427916082736374e+03	2.407012159613221229e+03	2.000000000000000000e+00
4.094922439790303997e+03	3.810423996556462800e+00	2.000000000000000000e+00
4.094970058652548687e+03	1.419299067461995856e+00	2.000000000000000000e+00
1.797711222814803250e+03	1.053446961404390095e+03	2.000000000000000000e+00
3.220149458242499804e+03	2.570858188809058447e+03	2.000000000000000000e+00
4.094976432251115966e+03	1.121870402072090878e+00	2.000000000000000000e+00
4.094997245471296537e+03	1.247234802556280303e-01	2.000000000000000000e+00
4.242127147565659584e+02	7.814765767992545875e+01	2.000000000000000000e+00
4.901446009161216466e+02	1.123570300150028913e+02	2.000000000000000000e+00
5.552601259991695315e+02	1.443455020914636577e+02	2.000000000000000000e+00
6.187322381397279969e+02	1.792544098095825973e+02	2.000000000000000000e+00
6.824293982923284148e+02	2.131390281674813139e+02	2.000000000000000000e+00
7.463588108585072405e+02	2.507988467692707104e+02	2.000000000000000000e+00
8.103861365228900695e+02	2.869416144192834963e+02	2.000000000000000000e+00
8.734296973943735338e+02	3.264316044397288010e+02	2.000000000000000000e+00
9.356028914279040691e+02	3.784564985040685201e+02	3.000000000000000000e+00
1.556858534789266059e+03	8.403063724820367497e+02	3.000000000000000000e+00
3.917360401744004776e+03	2.626327698409066943e+04	3.000000000000000000e+00
9.990374808600643064e+02	4.235068373604639760e+02	3.000000000000000000e+00
1.675007337732274436e+03	9.455285694448222102e+02	3.000000000000000000e+00
3.931303288500467261e+03	2.563996824621890119e+04	3.000000000000000000e+00
1.062932182341949556e+03	4.673220182520211665e+02	3.000000000000000000e+00
1.797073779910204394e+03	1.060964003672674380e+03	3.000000000000000000e+00
3.942842032920689235e+03	2.439896587383100268e+04	3.000000000000000000e+00
1.122434461291913294e+03	5.124802577764653506e+02	3.000000000000000000e+00
1.918791913863801483e+03	1.175550600684161054e+03	3.000000000000000000e+00
3.953177604004463774e+03	2.312496533895452012e+04	3.000000000000000000e+00
1.190986364580089230e+03	5.618194140182288265e+02	3.000000000000000000e+00
2.044121168120004086e+03	1.299703628392582004e+03	3.000000000000000000e+00
3.964932119082840018e+03	2.157613659267676485e+04	3.000000000000000000e+00
1.254502345453129919e+03	6.130154907097919477e+02	3.000000000000000000e+00
2.166247421623585524e+03	1.423343491613160040e+03	3.000000000000000000e+00
3.344538482624831431e+03	2.724691114203333200e+03	3.000000000000000000e+00
3.977335371898681842e+03	1.984155906882258205e+04	3.000000000000000000e+00
1.318289750077857434e+03	6.598015050294118282e+02	3.000000000000000000e+00
2.283220453454271592e+03	1.550761641437687786e+03	3.000000000000000000e+00
3.530682124597737129e+03	3.076260467737724866e+03	3.000000000000000000e+00
3.990424291497975901e+03	1.789296614743998725e+04	3.000000000000000000e+00
1.383280767933146535e+03	7.126896170216149358e+02	3.000000000000000000e+00
2.408117034867123493e+03	1.688664596530835297e+03	3.000000000000000000e+00
3.705270662371535309e+03	4.193036076005514587e+03	3.000000000000000000e+00
4.004579477447316549e+03	1.565159799987745100e+04	3.000000000000000000e+00
1.445810019594103551e+03	7.616106666325447350e+02	3.000000000000000000e+00
2.532703458164642598e+03	1.829077479995838530e+03	3.000000000000000000e+00
3.855850800308834096e+03	7.482075418978255584e+03	3.000000000000000000e+00
4.019476573043184999e+03	1.316170174926755863e+04	3.000000000000000000e+00
1.508670988074846946e+03	8.158954581369121115e+02	3.000000000000000000e+00
2.645233363503062264e+03	1.954854597260240098e+03	3.000000000000000000e+00
3.971588649369355153e+03	1.229480704124259682e+04	3.000000000000000000e+00
4.035533834864528217e+03	1.033806466024708607e+04	3.000000000000000000e+00
5.144330238503061992e+02	1.280790888865381021e+02	3.000000000000000000e+00
1.571720428475033714e+03	8.692146892122352710e+02	3.000000000000000000e+00
2.777708913695110368e+03	2.108386041432574984e+03	3.000000000000000000e+00
4.029415344064673718e+03	1.002788407312139134e+04	3.000000000000000000e+00
4.052697039149278680e+03	7.196933917710061905e+03	3.000000000000000000e+00
1.634785088043704036e+03	9.264043283316797215e+02	3.000000000000000000e+00
2.895704587420845201e+03	2.254800358250703084e+03	3.000000000000000000e+00
4.056154295131319486e+03	6.274450315819463867e+03	3.000000000000000000e+00
4.069343694851032978e+03	4.107158477711085652e+03	3.000000000000000000e+00
1.698238794703103849e+03	9.845094481398059543e+02	3.000000000000000000e+00
3.019818386665628623e+03	2.405906585007449848e+03	3.000000000000000000e+00
4.073927914785113899e+03	3.211049443696360868e+03	3.000000000000000000e+00
4.082031754450846165e+03	1.838918931250511832e+03	3.000000000000000000e+00
1.761974761561818696e+03	1.050512188400143486e+03	3.000000000000000000e+00
3.143990272046610698e+03	2.572593453910990320e+03	3.000000000000000000e+00
4.089459489190802287e+03	6.403990511560781442e+02	3.000000000000000000e+00
4.092576558444929105e+03	2.269054988429201103e+02	3.000000000000000000e+00
1.796315740164019417e+03	1.103300277654688898e+03	3.000000000000000000e+00
3.217591945331153511e+03	2.743356222169436478e+03	3.000000000000000000e+00
4.093091575833073875e+03	1.644453322048016162e+02	3.000000000000000000e+00
4.094651722269801667e+03	1.927758634267287619e+01	3.000000000000000000e+00
4.238698370834630964e+02	8.311814955173078090e+01	3.000000000000000000e+00
4.897586645515415853e+02	1.174043250021064324e+02	3.000000000000000000e+00
5.548122485855911918e+02	1.501621713543791259e+02	3.000000000000000000e+00
6.182276786177721988e+02	1.856251805747990034e+02	3.000000000000000000e+00
6.818978031246756473e+02	2.209114590219689376e+02	3.000000000000000000e+00
7.457511188752206408e+02	2.593280661661083855e+02	3.000000000000000000e+00
8.097076014740994196e+02	2.962663100417375404e+02	3.000000000000000000e+00
8.727029232196615567e+02	3.374922651493779426e+02	3.000000000000000000e+00
3.165241020450534393e+02	3.788494994889338585e+01	4.000000000000000000e+00
3.713649615903664767e+02	7.250783451788525724e+01	4.000000000000000000e+00
6.331442035191529385e+02	3.285448442945087208e+02	4.000000000000000000e+00
3.220817554240630898e+02	4.150005914728318857e+01	4.000000000000000000e+00
3.818316918405481033e+02	7.993276509158393139e+01	4.000000000000000000e+00
6.673593036307485136e+02	3.722807981940901527e+02	4.000000000000000000e+00
3.276949512742655202e+02	4.476852753123427675e+01	4.000000000000000000e+00
3.925700661138793635e+02	8.766326654161679244e+01	4.000000000000000000e+00
7.038701258045260829e+02	4.227852403571102400e+02	4.000000000000000000e+00
3.329184207282258967e+02	4.781287436928695200e+01	4.000000000000000000e+00
4.032646323185923620e+02	9.575914905444504654e+01	4.000000000000000000e+00
7.384448636847296257e+02	4.729826368267666226e+02	4.000000000000000000e+00
3.389740864735804280e+02	5.242294003280048287e+01	4.000000000000000000e+00
4.142793943994602159e+02	1.036776522025409690e+02	4.000000000000000000e+00
7.743870886535866020e+02	5.249326198122379310e+02	4.000000000000000000e+00
3.445901280104848183e+02	5.548631078891805402e+01	4.000000000000000000e+00
4.250058412488321551e+02	1.110961417855527316e+02	4.000000000000000000e+00
5.295317443942697082e+02	2.059622630813488513e+02	4.000000000000000000e+00
8.101293204349631196e+02	5.766027366735602300e+02	4.000000000000000000e+00
3.502129051827052990e+02	5.909048479800136278e+01	4.000000000000000000e+00
4.352699535451053521e+02	1.201166642976447605e+02	4.000000000000000000e+00
5.468721452299387238e+02	2.253030182309584575e+02	4.000000000000000000e+00
8.449168707178448585e+02	6.330027370232267003e+02	4.000000000000000000e+00
3.559583936727914306e+02	6.224113588125139529e+01	4.000000000000000000e+00
4.462109538824872743e+02	1.288788524249986551e+02	4.000000000000000000e+00
5.643786920611439655e+02	2.411107560698418695e+02	4.000000000000000000e+00
8.808509200145333580e+02	6.964305397432129894e+02	4.000000000000000000e+00
3.614532589795494459e+02	6.555903906502760492e+01	4.000000000000000000e+00
4.571352032077234639e+02	1.387777078430623305e+02	4.000000000000000000e+00
5.818233607780546208e+02	2.623814189397811560e+02	4.000000000000000000e+00
9.166194104899823287e+02	7.599495491386201138e+02	4.000000000000000000e+00
3.669777078142842583e+02	7.047641153712309858e+01	4.000000000000000000e+00
4.670542432264091985e+02	1.478475916441524021e+02	4.000000000000000000e+00
5.991102051541575975e+02	2.822956554831890799e+02	4.000000000000000000e+00
9.521162498053565741e+02	8.256025443887550637e+02	4.000000000000000000e+00
3.044157171312156152e+02	2.784243314670588987e+01	4.000000000000000000e+00
3.725600101863386158e+02	7.360933802283821592e+01	4.000000000000000000e+00
4.787398496704038280e+02	1.585512252499017620e+02	4.000000000000000000e+00
6.166980814647565694e+02	2.976736004664244888e+02	4.000000000000000000e+00
9.883766577130696760e+02	8.982347179062491023e+02	4.000000000000000000e+00
3.781502666614761665e+02	7.731575105782347634e+01	4.000000000000000000e+00
4.891516298141804100e+02	1.673404232234940139e+02	4.000000000000000000e+00
6.345022111491747410e+02	3.175087041059397279e+02	4.000000000000000000e+00
1.024276620406415532e+03	9.736583979082546421e+02	4.000000000000000000e+00
3.837336110246029079e+02	8.179375649750943467e+01	4.000000000000000000e+00
5.000400047363230556e+02	1.779257194461521863e+02	4.000000000000000000e+00
6.522659756825495379e+02	3.398619693571376388e+02	4.000000000000000000e+00
1.060018818449600303e+03	1.051057226253681620e+03	4.000000000000000000e+00
3.893201355366967960e+02	8.486770716786448077e+01	4.000000000000000000e+00
5.109933367071524799e+02	1.863291637911233067e+02	4.000000000000000000e+00
6.701925516453856062e+02	3.616902388228540985e+02	4.000000000000000000e+00
1.096057089561922567e+03	1.134633189058675953e+03	4.000000000000000000e+00
3.923539658595453261e+02	8.660491909885514872e+01	4.000000000000000000e+00
5.174606473191114446e+02	1.942061605432951410e+02	4.000000000000000000e+00
6.805431443345790967e+02	3.752172999128076754e+02	4.000000000000000000e+00
1.116850467144191953e+03	1.182638314169819296e+03	4.000000000000000000e+00
2.713314631345375005e+02	1.247532728802377555e+01	4.000000000000000000e+00
2.771897572147825031e+02	1.585798420608181658e+01	4.000000000000000000e+00
2.830338624390117275e+02	1.897603561229256286e+01	4.000000000000000000e+00
2.886700268607910402e+02	2.170092840424057812e+01	4.000000000000000000e+00
2.942520324016401787e+02	2.436571802884738602e+01	4.000000000000000000e+00
2.998401763469324237e+02	2.788846553518431648e+01	4.000000000000000000e+00
3.054228731963043515e+02	3.111664501475234701e+01	4.000000000000000000e+00
3.109788727551126613e+02	3.439586709327618763e+01	4.000000000000000000e+00
