# Pantalla iluminando en verde, ganancia 1, tiempo de integración 30s, temperatura 19°C, distintas intensidades y tiempos de encendido de la pantalla
# esperanza	varianza	color
3.097545021021488765e+02	2.831427920943186649e+01	1.000000000000000000e+00
3.597461554681822804e+02	5.290889777926572179e+01	1.000000000000000000e+00
6.025561530026990340e+02	1.924364463939055554e+02	1.000000000000000000e+00
3.147525520995536112e+02	3.067402172954715311e+01	1.000000000000000000e+00
3.694754619537008011e+02	5.842192202006719981e+01	1.000000000000000000e+00
6.347010014403612104e+02	2.138510010214086492e+02	1.000000000000000000e+00
3.197171360816983565e+02	3.306923700455354265e+01	1.000000000000000000e+00
3.794646261548842290e+02	6.325871118978403729e+01	1.000000000000000000e+00
6.676022812208034338e+02	2.356478173850485689e+02	1.000000000000000000e+00
3.246931702870341496e+02	3.531225378064112164e+01	1.000000000000000000e+00
3.889384628360842839e+02	6.767586775027982071e+01	1.000000000000000000e+00
6.999381030701754298e+02	2.577518293249417525e+02	1.000000000000000000e+00
3.297005531116993780e+02	3.810170139654854893e+01	1.000000000000000000e+00
3.985030685534101735e+02	7.314707028396964006e+01	1.000000000000000000e+00
7.319851613593896218e+02	2.815828760075199853e+02	1.000000000000000000e+00
3.347355201520813921e+02	4.070903832917711895e+01	1.000000000000000000e+00
4.082658371613204622e+02	7.847939321395898560e+01	1.000000000000000000e+00
5.025647630540848922e+02	1.314076510961456847e+02	1.000000000000000000e+00
7.644745360998650767e+02	3.047604871394624411e+02	1.000000000000000000e+00
3.397616335124052966e+02	4.367303420229019650e+01	1.000000000000000000e+00
4.179085344648603950e+02	8.333321118657816839e+01	1.000000000000000000e+00
5.182822816100903083e+02	1.408381107446342071e+02	1.000000000000000000e+00
7.975294673907401375e+02	3.307881907666231882e+02	1.000000000000000000e+00
3.447759177436935261e+02	4.584373600309582741e+01	1.000000000000000000e+00
4.272798388352538268e+02	8.815174835978316992e+01	1.000000000000000000e+00
5.341390490371638862e+02	1.515826030404430185e+02	1.000000000000000000e+00
8.300236235466625203e+02	3.546928821206107614e+02	1.000000000000000000e+00
3.497950859026263970e+02	4.838204867423601030e+01	1.000000000000000000e+00
4.373626742058548871e+02	9.408669674927675430e+01	1.000000000000000000e+00
5.492352252673102839e+02	1.589165787850276672e+02	1.000000000000000000e+00
8.617738996159037015e+02	3.810270779052142984e+02	1.000000000000000000e+00
3.549646504853109263e+02	5.078373269926057532e+01	1.000000000000000000e+00
4.468902318203051891e+02	9.955557882744894016e+01	1.000000000000000000e+00
5.654517076715457051e+02	1.693404452827574005e+02	1.000000000000000000e+00
8.945317194150317164e+02	4.091606367988805459e+02	1.000000000000000000e+00
2.644670867720336105e+02	6.448077806313664340e+00	1.000000000000000000e+00
3.598855587563583640e+02	5.338498207126489348e+01	1.000000000000000000e+00
4.562999140324924952e+02	1.050212490842736486e+02	1.000000000000000000e+00
5.809228890921831407e+02	1.803383239302148411e+02	1.000000000000000000e+00
9.277422291861309986e+02	4.352309531227039656e+02	1.000000000000000000e+00
3.648475335435481952e+02	5.578338580515288214e+01	1.000000000000000000e+00
4.662486520943631376e+02	1.111003655725928922e+02	1.000000000000000000e+00
5.970472814803280244e+02	1.915217880004951780e+02	1.000000000000000000e+00
9.609268737672583711e+02	4.669220369358970402e+02	1.000000000000000000e+00
3.699439955751063849e+02	5.839261930476612150e+01	1.000000000000000000e+00
4.759343740267829617e+02	1.162903690854751773e+02	1.000000000000000000e+00
6.123276507188829783e+02	2.018813436854353824e+02	1.000000000000000000e+00
9.934076128282985110e+02	4.944558000978925634e+02	1.000000000000000000e+00
3.748899083878334864e+02	6.102592159443087638e+01	1.000000000000000000e+00
4.855755115877711887e+02	1.218827848422176459e+02	1.000000000000000000e+00
6.286053471789681453e+02	2.114928856737421370e+02	1.000000000000000000e+00
1.026584989748780345e+03	5.265651698184869929e+02	1.000000000000000000e+00
3.777248030857468848e+02	6.264770010331454131e+01	1.000000000000000000e+00
4.915185060469220275e+02	1.255105731288432622e+02	1.000000000000000000e+00
6.375823146994705439e+02	2.188116148487482917e+02	1.000000000000000000e+00
1.045810182445759438e+03	5.475168279590325255e+02	1.000000000000000000e+00
2.694090233442333897e+02	9.011438679435300969e+00	1.000000000000000000e+00
2.747244585669054118e+02	1.165101848669555551e+01	1.000000000000000000e+00
2.798047217248001743e+02	1.447746349634572915e+01	1.000000000000000000e+00
2.850297162099034836e+02	1.679653857045455823e+01	1.000000000000000000e+00
2.900135773512924402e+02	1.857621222202210021e+01	1.000000000000000000e+00
2.948567917575002753e+02	2.071237251108333410e+01	1.000000000000000000e+00
2.997269681693138068e+02	2.300640938347245168e+01	1.000000000000000000e+00
3.046913425853835520e+02	2.572080522668697711e+01	1.000000000000000000e+00
4.958083193838887155e+02	1.139804614506774953e+02	2.000000000000000000e+00
7.198769723865877950e+02	2.277088715249306290e+02	2.000000000000000000e+00
1.810247082295235032e+03	9.351942459378457215e+02	2.000000000000000000e+00
5.183111848593376862e+02	1.246003131061262224e+02	2.000000000000000000e+00
7.635874399849475367e+02	2.508964086713303914e+02	2.000000000000000000e+00
1.955111484934599730e+03	1.046664962952500673e+03	2.000000000000000000e+00
5.407199065062804948e+02	1.358284000561400831e+02	2.000000000000000000e+00
8.081237559041835539e+02	2.746833385169770168e+02	2.000000000000000000e+00
2.103062030909374243e+03	1.163939415557750181e+03	2.000000000000000000e+00
5.630657823367590709e+02	1.459598349389198688e+02	2.000000000000000000e+00
8.504844531817709594e+02	3.000173573050585674e+02	2.000000000000000000e+00
2.248950292938337043e+03	1.287900804083449884e+03	2.000000000000000000e+00
5.855280961278937184e+02	1.579617365600524010e+02	2.000000000000000000e+00
8.934254781739853115e+02	3.252521485373112569e+02	2.000000000000000000e+00
2.393793224462784110e+03	1.413329075082442614e+03	2.000000000000000000e+00
6.081564829232845568e+02	1.700895099025684374e+02	2.000000000000000000e+00
9.371032005865255314e+02	3.494479055145768598e+02	2.000000000000000000e+00
1.360878526614242674e+03	6.158234673168331028e+02	2.000000000000000000e+00
2.540320098878853969e+03	1.540547683987936807e+03	2.000000000000000000e+00
6.306493343195265879e+02	1.823379978440070488e+02	2.000000000000000000e+00
9.802147724618498614e+02	3.769282509039255729e+02	2.000000000000000000e+00
1.431516893750648705e+03	6.644105854358205079e+02	2.000000000000000000e+00
2.689177185196719620e+03	1.672981795092556467e+03	2.000000000000000000e+00
6.529352745769749617e+02	1.940550328245349476e+02	2.000000000000000000e+00
1.022327281545209189e+03	4.034992441684477740e+02	2.000000000000000000e+00
1.502524480302086658e+03	7.135857406400668879e+02	2.000000000000000000e+00
2.835882636185508090e+03	1.809496736154956125e+03	2.000000000000000000e+00
6.754979121249870104e+02	2.050936132832568717e+02	2.000000000000000000e+00
1.067802619575936887e+03	4.303665211534975583e+02	2.000000000000000000e+00
1.570194927917056020e+03	7.612130201189858099e+02	2.000000000000000000e+00
2.979077984207930967e+03	1.946190788921633612e+03	2.000000000000000000e+00
6.984052193631267755e+02	2.170222348391167202e+02	2.000000000000000000e+00
1.110665473178137745e+03	4.605380155701178069e+02	2.000000000000000000e+00
1.643141623196304408e+03	8.154538308075681243e+02	2.000000000000000000e+00
3.126736587122391938e+03	2.095700438736364958e+03	2.000000000000000000e+00
2.932859827545935900e+02	1.824119314103965550e+01	2.000000000000000000e+00
7.205055661528080009e+02	2.301337643049772623e+02	2.000000000000000000e+00
1.152913119290459917e+03	4.874352126293651395e+02	2.000000000000000000e+00
1.712678456218208339e+03	8.696182007414125792e+02	2.000000000000000000e+00
3.276489760134433709e+03	2.248715828654964298e+03	2.000000000000000000e+00
7.426584183276238491e+02	2.424097058757651268e+02	2.000000000000000000e+00
1.197576233714834416e+03	5.155417715983415974e+02	2.000000000000000000e+00
1.785045964393231543e+03	9.276923898957522852e+02	2.000000000000000000e+00
3.425885496146060632e+03	2.391203064059480766e+03	2.000000000000000000e+00
7.655263586110246479e+02	2.549972776880693743e+02	2.000000000000000000e+00
1.240946220349320129e+03	5.457219990732680799e+02	2.000000000000000000e+00
1.853818954699989717e+03	9.792253402028931077e+02	2.000000000000000000e+00
3.571412779313297960e+03	2.534394243610671310e+03	2.000000000000000000e+00
7.876205416926190992e+02	2.673562394501586255e+02	2.000000000000000000e+00
1.284168190075781240e+03	5.725386006585662244e+02	2.000000000000000000e+00
1.927035467273954055e+03	1.038926953039985392e+03	2.000000000000000000e+00
3.720031915031661811e+03	2.688149073561970454e+03	2.000000000000000000e+00
8.002412167159762930e+02	2.759867495499145775e+02	2.000000000000000000e+00
1.310994820214367337e+03	5.974516876538858696e+02	2.000000000000000000e+00
1.967558475423025129e+03	1.090487514134711091e+03	2.000000000000000000e+00
3.806128094181459346e+03	2.857041625463156379e+03	2.000000000000000000e+00
3.151799325884978771e+02	2.913149877049982450e+01	2.000000000000000000e+00
3.388949091015260251e+02	3.964894402980969090e+01	2.000000000000000000e+00
3.613927754853108922e+02	5.011794466614036025e+01	2.000000000000000000e+00
3.843067567216858720e+02	6.012457050990115448e+01	2.000000000000000000e+00
4.066591858714834302e+02	7.063384897386059436e+01	2.000000000000000000e+00
4.285738817735907560e+02	8.014043256107719060e+01	2.000000000000000000e+00
4.506530179461227021e+02	9.123386841587742424e+01	2.000000000000000000e+00
4.731471861050555390e+02	1.024867390066292074e+02	2.000000000000000000e+00
4.957420283790096391e+02	1.187840965344901321e+02	3.000000000000000000e+00
7.199066169028340028e+02	2.347836005901046690e+02	3.000000000000000000e+00
1.810824757344544878e+03	9.714616943769112822e+02	3.000000000000000000e+00
5.182595407713070017e+02	1.298630036093104820e+02	3.000000000000000000e+00
7.636193900524239098e+02	2.586469360652112073e+02	3.000000000000000000e+00
1.955705130475967962e+03	1.090686306985596502e+03	3.000000000000000000e+00
5.406916326040693548e+02	1.410819510341263765e+02	3.000000000000000000e+00
8.082144272941969803e+02	2.829154020602824744e+02	3.000000000000000000e+00
2.103768537189868312e+03	1.214550411913441849e+03	3.000000000000000000e+00
5.630316039266064081e+02	1.515303540284261601e+02	3.000000000000000000e+00
8.506021089613827826e+02	3.084799778397309638e+02	3.000000000000000000e+00
2.249719722243849446e+03	1.346696784680974133e+03	3.000000000000000000e+00
5.855118151795909398e+02	1.637381201596544429e+02	3.000000000000000000e+00
8.935429396345894020e+02	3.342782039402981695e+02	3.000000000000000000e+00
2.394608813778158492e+03	1.478798190185578960e+03	3.000000000000000000e+00
6.081269775770788328e+02	1.759607796586894892e+02	3.000000000000000000e+00
9.372311656545209644e+02	3.594957851641392494e+02	3.000000000000000000e+00
1.361238776536385330e+03	6.352807034418885905e+02	3.000000000000000000e+00
2.541273688427800153e+03	1.617748033046332012e+03	3.000000000000000000e+00
6.306254600072667245e+02	1.880162182886011806e+02	3.000000000000000000e+00
9.803874678838368482e+02	3.871364677643964001e+02	3.000000000000000000e+00
1.431924800166095793e+03	6.851704148749435035e+02	3.000000000000000000e+00
2.690196156116993734e+03	1.755685365622672862e+03	3.000000000000000000e+00
6.529592773538877282e+02	2.001135945727684202e+02	3.000000000000000000e+00
1.022519025096024052e+03	4.144308380872456610e+02	3.000000000000000000e+00
1.502875530727706746e+03	7.377389809547038340e+02	3.000000000000000000e+00
2.836953925957645424e+03	1.903953010578239173e+03	3.000000000000000000e+00
6.754909146942800362e+02	2.113635833712652072e+02	3.000000000000000000e+00
1.067992317748884034e+03	4.430025449874814854e+02	3.000000000000000000e+00
1.570641623520710027e+03	7.860872977041573222e+02	3.000000000000000000e+00
2.980047815776497373e+03	2.046484691033949275e+03	3.000000000000000000e+00
6.984180444176269020e+02	2.240259463936981490e+02	3.000000000000000000e+00
1.110888906623066532e+03	4.731574872349225984e+02	3.000000000000000000e+00
1.643637633330738026e+03	8.440952193210193855e+02	3.000000000000000000e+00
3.127517527963770590e+03	2.201077288015993872e+03	3.000000000000000000e+00
2.931143818774006036e+02	2.285614333807909659e+01	3.000000000000000000e+00
7.205141087278105942e+02	2.373818632556443049e+02	3.000000000000000000e+00
1.153178694656389553e+03	5.014159196809007426e+02	3.000000000000000000e+00
1.713241562208034793e+03	9.002164180204205195e+02	3.000000000000000000e+00
3.276559898915187205e+03	2.358121752097121316e+03	3.000000000000000000e+00
7.426998449340807156e+02	2.493882210649194633e+02	3.000000000000000000e+00
1.197840880956088540e+03	5.296063087380867955e+02	3.000000000000000000e+00
1.785644699211045463e+03	9.621347587022165726e+02	3.000000000000000000e+00
3.424761417782622175e+03	2.495333150413852309e+03	3.000000000000000000e+00
7.655776104925776053e+02	2.620612719763333871e+02	3.000000000000000000e+00
1.241236033686286646e+03	5.611768727039408304e+02	3.000000000000000000e+00
1.854431359000311431e+03	1.017452233290146523e+03	3.000000000000000000e+00
3.568132790927021688e+03	2.645777435603228696e+03	3.000000000000000000e+00
7.877140464419184127e+02	2.749976564294323111e+02	3.000000000000000000e+00
1.284512446797466964e+03	5.903778146869077545e+02	3.000000000000000000e+00
1.927711368148551855e+03	1.080400971279058695e+03	3.000000000000000000e+00
3.714582022409944784e+03	2.832525775179034554e+03	3.000000000000000000e+00
8.003536920611439882e+02	2.845224932136441112e+02	3.000000000000000000e+00
1.311342910762483143e+03	6.202435999879620567e+02	3.000000000000000000e+00
1.968204752543340646e+03	1.144138053428073817e+03	3.000000000000000000e+00
3.799767281415447087e+03	3.066294024415318290e+03	3.000000000000000000e+00
3.150312324820928325e+02	3.366656125478627359e+01	3.000000000000000000e+00
3.387599660671649531e+02	4.422051455039013490e+01	3.000000000000000000e+00
3.612439384797052071e+02	5.464746776721079158e+01	3.000000000000000000e+00
3.841943926476694742e+02	6.475722570750119189e+01	3.000000000000000000e+00
4.065396183691477177e+02	7.520811194820200285e+01	3.000000000000000000e+00
4.284908631137755606e+02	8.469567329090098440e+01	3.000000000000000000e+00
4.505527739930447524e+02	9.598040095880874389e+01	3.000000000000000000e+00
4.730536836265960687e+02	1.075457305851046641e+02	3.000000000000000000e+00
2.920708200327001123e+02	2.110251430341059020e+01	4.000000000000000000e+00
3.249619335876673745e+02	3.715390039806011657e+01	4.000000000000000000e+00
4.860674127997508549e+02	1.191335796709747825e+02	4.000000000000000000e+00
2.953200797389183094e+02	2.249676292575004055e+01	4.000000000000000000e+00
3.313684852849579556e+02	4.044873146718720847e+01	4.000000000000000000e+00
5.073705650498287127e+02	1.316711404221804287e+02	4.000000000000000000e+00
2.985641392219453678e+02	2.408047105068890659e+01	4.000000000000000000e+00
3.379362601214575079e+02	4.377410277859452492e+01	4.000000000000000000e+00
5.291921694954842224e+02	1.433624188295711122e+02	4.000000000000000000e+00
3.018424261003841025e+02	2.585890508933021081e+01	4.000000000000000000e+00
3.442666189790303974e+02	4.711635560259106370e+01	4.000000000000000000e+00
5.506442716443475547e+02	1.544153874210708750e+02	4.000000000000000000e+00
3.051516252725007803e+02	2.753665695311199357e+01	4.000000000000000000e+00
3.506328888975397149e+02	5.010910401023489413e+01	4.000000000000000000e+00
5.718807569033530172e+02	1.668317934891754817e+02	4.000000000000000000e+00
3.084696914253088380e+02	2.924656529977797703e+01	4.000000000000000000e+00
3.570860320642582906e+02	5.284067832664761966e+01	4.000000000000000000e+00
4.196431663941658599e+02	8.404818915125518686e+01	4.000000000000000000e+00
5.934206296065607376e+02	1.803755517887922508e+02	4.000000000000000000e+00
3.117845002205958735e+02	3.104757034284484263e+01	4.000000000000000000e+00
3.634488181900757695e+02	5.592346912782439716e+01	4.000000000000000000e+00
4.300277389572303264e+02	8.887544220549941087e+01	4.000000000000000000e+00
6.153630641414928277e+02	1.936873162546575600e+02	4.000000000000000000e+00
3.150811630592754113e+02	3.238078603959041146e+01	4.000000000000000000e+00
3.696962508434547772e+02	5.943932350740871584e+01	4.000000000000000000e+00
4.404988629580608404e+02	9.518865943069002356e+01	4.000000000000000000e+00
6.370033225630644438e+02	2.077853848652771944e+02	4.000000000000000000e+00
3.183682614450327151e+02	3.410508214819375894e+01	4.000000000000000000e+00
3.764088877426554518e+02	6.255618846105653574e+01	4.000000000000000000e+00
4.504828077961175268e+02	9.969792538732843923e+01	4.000000000000000000e+00
6.581013758045261284e+02	2.218025956883932679e+02	4.000000000000000000e+00
3.217760179850513964e+02	3.566346877451301367e+01	4.000000000000000000e+00
3.827195947524135704e+02	6.547311755092020746e+01	4.000000000000000000e+00
4.612568465820616552e+02	1.066854958225907382e+02	4.000000000000000000e+00
6.798454433976954761e+02	2.326127013255098461e+02	4.000000000000000000e+00
2.619105545390843872e+02	6.410473440280445523e+00	4.000000000000000000e+00
3.250082898629710257e+02	3.732077693892141923e+01	4.000000000000000000e+00
3.889646952532959858e+02	6.854207503494514242e+01	4.000000000000000000e+00
4.715437263183846994e+02	1.119093474817263285e+02	4.000000000000000000e+00
7.018512749143568499e+02	2.486362842538623283e+02	4.000000000000000000e+00
3.282869235310910199e+02	3.876378558750346315e+01	4.000000000000000000e+00
3.955264841560261857e+02	7.193021120756313280e+01	4.000000000000000000e+00
4.822418642297311067e+02	1.183841334679673594e+02	4.000000000000000000e+00
7.238785901977577169e+02	2.640926940650892334e+02	4.000000000000000000e+00
3.316467637288487253e+02	4.084976153423104250e+01	4.000000000000000000e+00
4.019242811169936545e+02	7.568568936434499506e+01	4.000000000000000000e+00
4.923481184470051062e+02	1.237177097889391035e+02	4.000000000000000000e+00
7.454276091949548118e+02	2.767718714523794006e+02	4.000000000000000000e+00
3.349033167237620887e+02	4.247514704979506206e+01	4.000000000000000000e+00
4.083156350565763546e+02	7.868852591768326477e+01	4.000000000000000000e+00
5.031498974878023205e+02	1.291951836031110759e+02	4.000000000000000000e+00
7.674572027795079521e+02	2.920956289501868923e+02	4.000000000000000000e+00
3.367757694902937828e+02	4.355183515479628653e+01	4.000000000000000000e+00
4.122451089354302667e+02	8.069484511491100420e+01	4.000000000000000000e+00
5.091000012976227822e+02	1.334657277068394308e+02	4.000000000000000000e+00
7.801861611777223970e+02	3.052704167476643988e+02	4.000000000000000000e+00
2.651873332554759486e+02	8.159061109692363090e+00	4.000000000000000000e+00
2.686856726227551349e+02	1.001995446362242959e+01	4.000000000000000000e+00
2.720186131007993140e+02	1.166363024717394303e+01	4.000000000000000000e+00
2.754236546896086111e+02	1.344779176106799490e+01	4.000000000000000000e+00
2.787707324431641496e+02	1.517953016657904008e+01	4.000000000000000000e+00
2.820809787968441924e+02	1.688044220088955782e+01	4.000000000000000000e+00
2.854169184054811694e+02	1.839681059616597736e+01	4.000000000000000000e+00
2.887352197524135704e+02	1.970486060194760114e+01	4.000000000000000000e+00
